gamma = 1e-6
max_iters = 2000
lambda_ = 0.001
k_fold = 5
degree = 3

[0.8316484836352718, 0.8319987989190272, 0.8261935742167951, 0.8329496546892203, 0.8418076268641778]
[0.8713951115894196, 0.4234414758644946, 1.166810499415314, 0.8576420829101422, 1.5445118154170174]

----------------------------------------------------------------------------------------------------------

